----------------------------------------------------------------------------------------------Model Naives Bayes with default values, Try1----------------------------------------------------------------------------------------------

[[ 8  0  0  0  0]
 [ 1  0  0  0  0]
 [ 0  0  2  0  0]
 [ 0  0  0 13  0]
 [ 2  1  4  0 19]]

              precision    recall  f1-score   support

       drugA       0.73      1.00      0.84         8
       drugB       0.00      0.00      0.00         1
       drugC       0.33      1.00      0.50         2
       drugX       1.00      1.00      1.00        13
       drugY       1.00      0.73      0.84        26

    accuracy                           0.84        50
   macro avg       0.61      0.75      0.64        50
weighted avg       0.91      0.84      0.85        50


----------------------------------------------------------------------------------------------Model Decision Tree with default values, Try1---------------------------------------------------------------------------------------------- 

[[ 8  0  0  0  0]
 [ 1  0  0  0  0]
 [ 0  0  2  0  0]
 [ 0  0  0 13  0]
 [ 0  0  0  0 26]]

              precision    recall  f1-score   support

       drugA       0.89      1.00      0.94         8
       drugB       0.00      0.00      0.00         1
       drugC       1.00      1.00      1.00         2
       drugX       1.00      1.00      1.00        13
       drugY       1.00      1.00      1.00        26

    accuracy                           0.98        50
   macro avg       0.78      0.80      0.79        50
weighted avg       0.96      0.98      0.97        50


----------------------------------------------------------------------------------------------Model Top Decision Tree with modified criterion, max_depth & min_samples_split, Try1----------------------------------------------------------------------------------------------

[[ 8  0  0  0  0]
 [ 1  0  0  0  0]
 [ 0  0  2  0  0]
 [ 0  0  0 13  0]
 [ 0  0  0  0 26]]

              precision    recall  f1-score   support

       drugA       0.89      1.00      0.94         8
       drugB       0.00      0.00      0.00         1
       drugC       1.00      1.00      1.00         2
       drugX       1.00      1.00      1.00        13
       drugY       1.00      1.00      1.00        26

    accuracy                           0.98        50
   macro avg       0.78      0.80      0.79        50
weighted avg       0.96      0.98      0.97        50


----------------------------------------------------------------------------------------------Model Perceptron with default values, Try1----------------------------------------------------------------------------------------------

[[ 0  3  2  1  2]
 [ 0  1  0  0  0]
 [ 0  0  0  2  0]
 [ 0  3  0 10  0]
 [ 0  0  3  6 17]]

              precision    recall  f1-score   support

       drugA       0.00      0.00      0.00         8
       drugB       0.14      1.00      0.25         1
       drugC       0.00      0.00      0.00         2
       drugX       0.53      0.77      0.62        13
       drugY       0.89      0.65      0.76        26

    accuracy                           0.56        50
   macro avg       0.31      0.48      0.33        50
weighted avg       0.60      0.56      0.56        50


--------------------------------------------------------------------------------------------------------------------Model Base ML-Perceptron with modified hidden_layer_sizes= 100, activation= logistic, solver= sgd, Try1--------------------------------------------------------------------------------------------------------------------[[ 0  0  0  3  5]
 [ 0  0  0  1  0]
 [ 0  0  0  2  0]
 [ 0  0  0 11  2]
 [ 0  0  0  2 24]]

              precision    recall  f1-score   support

       drugA       0.00      0.00      0.00         8
       drugB       0.00      0.00      0.00         1
       drugC       0.00      0.00      0.00         2
       drugX       0.58      0.85      0.69        13
       drugY       0.77      0.92      0.84        26

    accuracy                           0.70        50
   macro avg       0.27      0.35      0.31        50
weighted avg       0.55      0.70      0.62        50


--------------------------------------------------------------------------------------------------------------------Model Top ML-Perceptron with modified hidden_layer_sizes, activation, solver, Try1--------------------------------------------------------------------------------------------------------------------[[ 3  2  0  0  3]
 [ 1  0  0  0  0]
 [ 0  0  0  2  0]
 [ 0  0  0 13  0]
 [ 0  0  0  1 25]]

              precision    recall  f1-score   support

       drugA       0.75      0.38      0.50         8
       drugB       0.00      0.00      0.00         1
       drugC       0.00      0.00      0.00         2
       drugX       0.81      1.00      0.90        13
       drugY       0.89      0.96      0.93        26

    accuracy                           0.82        50
   macro avg       0.49      0.47      0.46        50
weighted avg       0.80      0.82      0.79        50


----------------------------------------------------------------------------------------------Model Naives Bayes with default values, Try2----------------------------------------------------------------------------------------------

[[ 8  0  0  0  0]
 [ 1  0  0  0  0]
 [ 0  0  2  0  0]
 [ 0  0  0 13  0]
 [ 2  1  4  0 19]]

              precision    recall  f1-score   support

       drugA       0.73      1.00      0.84         8
       drugB       0.00      0.00      0.00         1
       drugC       0.33      1.00      0.50         2
       drugX       1.00      1.00      1.00        13
       drugY       1.00      0.73      0.84        26

    accuracy                           0.84        50
   macro avg       0.61      0.75      0.64        50
weighted avg       0.91      0.84      0.85        50


----------------------------------------------------------------------------------------------Model Decision Tree with default values, Try2---------------------------------------------------------------------------------------------- 

[[ 8  0  0  0  0]
 [ 1  0  0  0  0]
 [ 0  0  2  0  0]
 [ 0  0  0 13  0]
 [ 0  0  0  0 26]]

              precision    recall  f1-score   support

       drugA       0.89      1.00      0.94         8
       drugB       0.00      0.00      0.00         1
       drugC       1.00      1.00      1.00         2
       drugX       1.00      1.00      1.00        13
       drugY       1.00      1.00      1.00        26

    accuracy                           0.98        50
   macro avg       0.78      0.80      0.79        50
weighted avg       0.96      0.98      0.97        50


----------------------------------------------------------------------------------------------Model Top Decision Tree with modified criterion, max_depth & min_samples_split, Try2----------------------------------------------------------------------------------------------

[[ 8  0  0  0  0]
 [ 1  0  0  0  0]
 [ 0  0  2  0  0]
 [ 0  0  0 13  0]
 [ 0  0  0  0 26]]

              precision    recall  f1-score   support

       drugA       0.89      1.00      0.94         8
       drugB       0.00      0.00      0.00         1
       drugC       1.00      1.00      1.00         2
       drugX       1.00      1.00      1.00        13
       drugY       1.00      1.00      1.00        26

    accuracy                           0.98        50
   macro avg       0.78      0.80      0.79        50
weighted avg       0.96      0.98      0.97        50


----------------------------------------------------------------------------------------------Model Perceptron with default values, Try2----------------------------------------------------------------------------------------------

[[ 0  3  2  1  2]
 [ 0  1  0  0  0]
 [ 0  0  0  2  0]
 [ 0  3  0 10  0]
 [ 0  0  3  6 17]]

              precision    recall  f1-score   support

       drugA       0.00      0.00      0.00         8
       drugB       0.14      1.00      0.25         1
       drugC       0.00      0.00      0.00         2
       drugX       0.53      0.77      0.62        13
       drugY       0.89      0.65      0.76        26

    accuracy                           0.56        50
   macro avg       0.31      0.48      0.33        50
weighted avg       0.60      0.56      0.56        50


--------------------------------------------------------------------------------------------------------------------Model Base ML-Perceptron with modified hidden_layer_sizes= 100, activation= logistic, solver= sgd, Try2--------------------------------------------------------------------------------------------------------------------[[ 0  0  0  3  5]
 [ 0  0  0  1  0]
 [ 0  0  0  1  1]
 [ 0  0  0 11  2]
 [ 0  0  0  2 24]]

              precision    recall  f1-score   support

       drugA       0.00      0.00      0.00         8
       drugB       0.00      0.00      0.00         1
       drugC       0.00      0.00      0.00         2
       drugX       0.61      0.85      0.71        13
       drugY       0.75      0.92      0.83        26

    accuracy                           0.70        50
   macro avg       0.27      0.35      0.31        50
weighted avg       0.55      0.70      0.61        50


--------------------------------------------------------------------------------------------------------------------Model Top ML-Perceptron with modified hidden_layer_sizes, activation, solver, Try2--------------------------------------------------------------------------------------------------------------------[[ 2  3  0  0  3]
 [ 0  1  0  0  0]
 [ 0  0  0  2  0]
 [ 0  1  0 12  0]
 [ 0  0  0  1 25]]

              precision    recall  f1-score   support

       drugA       1.00      0.25      0.40         8
       drugB       0.20      1.00      0.33         1
       drugC       0.00      0.00      0.00         2
       drugX       0.80      0.92      0.86        13
       drugY       0.89      0.96      0.93        26

    accuracy                           0.80        50
   macro avg       0.58      0.63      0.50        50
weighted avg       0.84      0.80      0.78        50


----------------------------------------------------------------------------------------------Model Naives Bayes with default values, Try3----------------------------------------------------------------------------------------------

[[ 8  0  0  0  0]
 [ 1  0  0  0  0]
 [ 0  0  2  0  0]
 [ 0  0  0 13  0]
 [ 2  1  4  0 19]]

              precision    recall  f1-score   support

       drugA       0.73      1.00      0.84         8
       drugB       0.00      0.00      0.00         1
       drugC       0.33      1.00      0.50         2
       drugX       1.00      1.00      1.00        13
       drugY       1.00      0.73      0.84        26

    accuracy                           0.84        50
   macro avg       0.61      0.75      0.64        50
weighted avg       0.91      0.84      0.85        50


----------------------------------------------------------------------------------------------Model Decision Tree with default values, Try3---------------------------------------------------------------------------------------------- 

[[ 8  0  0  0  0]
 [ 1  0  0  0  0]
 [ 0  0  2  0  0]
 [ 0  0  0 13  0]
 [ 0  0  0  0 26]]

              precision    recall  f1-score   support

       drugA       0.89      1.00      0.94         8
       drugB       0.00      0.00      0.00         1
       drugC       1.00      1.00      1.00         2
       drugX       1.00      1.00      1.00        13
       drugY       1.00      1.00      1.00        26

    accuracy                           0.98        50
   macro avg       0.78      0.80      0.79        50
weighted avg       0.96      0.98      0.97        50


----------------------------------------------------------------------------------------------Model Top Decision Tree with modified criterion, max_depth & min_samples_split, Try3----------------------------------------------------------------------------------------------

[[ 8  0  0  0  0]
 [ 1  0  0  0  0]
 [ 0  0  2  0  0]
 [ 0  0  0 13  0]
 [ 0  0  0  0 26]]

              precision    recall  f1-score   support

       drugA       0.89      1.00      0.94         8
       drugB       0.00      0.00      0.00         1
       drugC       1.00      1.00      1.00         2
       drugX       1.00      1.00      1.00        13
       drugY       1.00      1.00      1.00        26

    accuracy                           0.98        50
   macro avg       0.78      0.80      0.79        50
weighted avg       0.96      0.98      0.97        50


----------------------------------------------------------------------------------------------Model Perceptron with default values, Try3----------------------------------------------------------------------------------------------

[[ 0  3  2  1  2]
 [ 0  1  0  0  0]
 [ 0  0  0  2  0]
 [ 0  3  0 10  0]
 [ 0  0  3  6 17]]

              precision    recall  f1-score   support

       drugA       0.00      0.00      0.00         8
       drugB       0.14      1.00      0.25         1
       drugC       0.00      0.00      0.00         2
       drugX       0.53      0.77      0.62        13
       drugY       0.89      0.65      0.76        26

    accuracy                           0.56        50
   macro avg       0.31      0.48      0.33        50
weighted avg       0.60      0.56      0.56        50


--------------------------------------------------------------------------------------------------------------------Model Base ML-Perceptron with modified hidden_layer_sizes= 100, activation= logistic, solver= sgd, Try3--------------------------------------------------------------------------------------------------------------------[[ 0  0  0  3  5]
 [ 0  0  0  1  0]
 [ 0  0  0  2  0]
 [ 0  0  0 11  2]
 [ 0  0  0  2 24]]

              precision    recall  f1-score   support

       drugA       0.00      0.00      0.00         8
       drugB       0.00      0.00      0.00         1
       drugC       0.00      0.00      0.00         2
       drugX       0.58      0.85      0.69        13
       drugY       0.77      0.92      0.84        26

    accuracy                           0.70        50
   macro avg       0.27      0.35      0.31        50
weighted avg       0.55      0.70      0.62        50


--------------------------------------------------------------------------------------------------------------------Model Top ML-Perceptron with modified hidden_layer_sizes, activation, solver, Try3--------------------------------------------------------------------------------------------------------------------[[ 2  3  0  0  3]
 [ 1  0  0  0  0]
 [ 0  0  1  1  0]
 [ 0  0  0 13  0]
 [ 0  0  0  1 25]]

              precision    recall  f1-score   support

       drugA       0.67      0.25      0.36         8
       drugB       0.00      0.00      0.00         1
       drugC       1.00      0.50      0.67         2
       drugX       0.87      1.00      0.93        13
       drugY       0.89      0.96      0.93        26

    accuracy                           0.82        50
   macro avg       0.69      0.54      0.58        50
weighted avg       0.84      0.82      0.81        50


----------------------------------------------------------------------------------------------Model Naives Bayes with default values, Try4----------------------------------------------------------------------------------------------

[[ 8  0  0  0  0]
 [ 1  0  0  0  0]
 [ 0  0  2  0  0]
 [ 0  0  0 13  0]
 [ 2  1  4  0 19]]

              precision    recall  f1-score   support

       drugA       0.73      1.00      0.84         8
       drugB       0.00      0.00      0.00         1
       drugC       0.33      1.00      0.50         2
       drugX       1.00      1.00      1.00        13
       drugY       1.00      0.73      0.84        26

    accuracy                           0.84        50
   macro avg       0.61      0.75      0.64        50
weighted avg       0.91      0.84      0.85        50


----------------------------------------------------------------------------------------------Model Decision Tree with default values, Try4---------------------------------------------------------------------------------------------- 

[[ 8  0  0  0  0]
 [ 1  0  0  0  0]
 [ 0  0  2  0  0]
 [ 0  0  0 13  0]
 [ 0  0  0  0 26]]

              precision    recall  f1-score   support

       drugA       0.89      1.00      0.94         8
       drugB       0.00      0.00      0.00         1
       drugC       1.00      1.00      1.00         2
       drugX       1.00      1.00      1.00        13
       drugY       1.00      1.00      1.00        26

    accuracy                           0.98        50
   macro avg       0.78      0.80      0.79        50
weighted avg       0.96      0.98      0.97        50


----------------------------------------------------------------------------------------------Model Top Decision Tree with modified criterion, max_depth & min_samples_split, Try4----------------------------------------------------------------------------------------------

[[ 8  0  0  0  0]
 [ 1  0  0  0  0]
 [ 0  0  2  0  0]
 [ 0  0  0 13  0]
 [ 0  0  0  0 26]]

              precision    recall  f1-score   support

       drugA       0.89      1.00      0.94         8
       drugB       0.00      0.00      0.00         1
       drugC       1.00      1.00      1.00         2
       drugX       1.00      1.00      1.00        13
       drugY       1.00      1.00      1.00        26

    accuracy                           0.98        50
   macro avg       0.78      0.80      0.79        50
weighted avg       0.96      0.98      0.97        50


----------------------------------------------------------------------------------------------Model Perceptron with default values, Try4----------------------------------------------------------------------------------------------

[[ 0  3  2  1  2]
 [ 0  1  0  0  0]
 [ 0  0  0  2  0]
 [ 0  3  0 10  0]
 [ 0  0  3  6 17]]

              precision    recall  f1-score   support

       drugA       0.00      0.00      0.00         8
       drugB       0.14      1.00      0.25         1
       drugC       0.00      0.00      0.00         2
       drugX       0.53      0.77      0.62        13
       drugY       0.89      0.65      0.76        26

    accuracy                           0.56        50
   macro avg       0.31      0.48      0.33        50
weighted avg       0.60      0.56      0.56        50


--------------------------------------------------------------------------------------------------------------------Model Base ML-Perceptron with modified hidden_layer_sizes= 100, activation= logistic, solver= sgd, Try4--------------------------------------------------------------------------------------------------------------------[[ 0  0  0  3  5]
 [ 0  0  0  1  0]
 [ 0  0  0  2  0]
 [ 0  0  0 10  3]
 [ 0  0  0  2 24]]

              precision    recall  f1-score   support

       drugA       0.00      0.00      0.00         8
       drugB       0.00      0.00      0.00         1
       drugC       0.00      0.00      0.00         2
       drugX       0.56      0.77      0.65        13
       drugY       0.75      0.92      0.83        26

    accuracy                           0.68        50
   macro avg       0.26      0.34      0.29        50
weighted avg       0.53      0.68      0.60        50


--------------------------------------------------------------------------------------------------------------------Model Top ML-Perceptron with modified hidden_layer_sizes, activation, solver, Try4--------------------------------------------------------------------------------------------------------------------[[ 2  3  0  0  3]
 [ 1  0  0  0  0]
 [ 0  0  0  2  0]
 [ 0  1  0 12  0]
 [ 0  0  0  1 25]]

              precision    recall  f1-score   support

       drugA       0.67      0.25      0.36         8
       drugB       0.00      0.00      0.00         1
       drugC       0.00      0.00      0.00         2
       drugX       0.80      0.92      0.86        13
       drugY       0.89      0.96      0.93        26

    accuracy                           0.78        50
   macro avg       0.47      0.43      0.43        50
weighted avg       0.78      0.78      0.76        50


----------------------------------------------------------------------------------------------Model Naives Bayes with default values, Try5----------------------------------------------------------------------------------------------

[[ 8  0  0  0  0]
 [ 1  0  0  0  0]
 [ 0  0  2  0  0]
 [ 0  0  0 13  0]
 [ 2  1  4  0 19]]

              precision    recall  f1-score   support

       drugA       0.73      1.00      0.84         8
       drugB       0.00      0.00      0.00         1
       drugC       0.33      1.00      0.50         2
       drugX       1.00      1.00      1.00        13
       drugY       1.00      0.73      0.84        26

    accuracy                           0.84        50
   macro avg       0.61      0.75      0.64        50
weighted avg       0.91      0.84      0.85        50


----------------------------------------------------------------------------------------------Model Decision Tree with default values, Try5---------------------------------------------------------------------------------------------- 

[[ 8  0  0  0  0]
 [ 1  0  0  0  0]
 [ 0  0  2  0  0]
 [ 0  0  0 13  0]
 [ 0  0  0  0 26]]

              precision    recall  f1-score   support

       drugA       0.89      1.00      0.94         8
       drugB       0.00      0.00      0.00         1
       drugC       1.00      1.00      1.00         2
       drugX       1.00      1.00      1.00        13
       drugY       1.00      1.00      1.00        26

    accuracy                           0.98        50
   macro avg       0.78      0.80      0.79        50
weighted avg       0.96      0.98      0.97        50


----------------------------------------------------------------------------------------------Model Top Decision Tree with modified criterion, max_depth & min_samples_split, Try5----------------------------------------------------------------------------------------------

[[ 8  0  0  0  0]
 [ 1  0  0  0  0]
 [ 0  0  2  0  0]
 [ 0  0  0 13  0]
 [ 0  0  0  0 26]]

              precision    recall  f1-score   support

       drugA       0.89      1.00      0.94         8
       drugB       0.00      0.00      0.00         1
       drugC       1.00      1.00      1.00         2
       drugX       1.00      1.00      1.00        13
       drugY       1.00      1.00      1.00        26

    accuracy                           0.98        50
   macro avg       0.78      0.80      0.79        50
weighted avg       0.96      0.98      0.97        50


----------------------------------------------------------------------------------------------Model Perceptron with default values, Try5----------------------------------------------------------------------------------------------

[[ 0  3  2  1  2]
 [ 0  1  0  0  0]
 [ 0  0  0  2  0]
 [ 0  3  0 10  0]
 [ 0  0  3  6 17]]

              precision    recall  f1-score   support

       drugA       0.00      0.00      0.00         8
       drugB       0.14      1.00      0.25         1
       drugC       0.00      0.00      0.00         2
       drugX       0.53      0.77      0.62        13
       drugY       0.89      0.65      0.76        26

    accuracy                           0.56        50
   macro avg       0.31      0.48      0.33        50
weighted avg       0.60      0.56      0.56        50


--------------------------------------------------------------------------------------------------------------------Model Base ML-Perceptron with modified hidden_layer_sizes= 100, activation= logistic, solver= sgd, Try5--------------------------------------------------------------------------------------------------------------------[[ 0  0  0  3  5]
 [ 0  0  0  1  0]
 [ 0  0  0  0  2]
 [ 0  0  0  9  4]
 [ 0  0  0  2 24]]

              precision    recall  f1-score   support

       drugA       0.00      0.00      0.00         8
       drugB       0.00      0.00      0.00         1
       drugC       0.00      0.00      0.00         2
       drugX       0.60      0.69      0.64        13
       drugY       0.69      0.92      0.79        26

    accuracy                           0.66        50
   macro avg       0.26      0.32      0.29        50
weighted avg       0.51      0.66      0.58        50


--------------------------------------------------------------------------------------------------------------------Model Top ML-Perceptron with modified hidden_layer_sizes, activation, solver, Try5--------------------------------------------------------------------------------------------------------------------[[ 2  3  0  0  3]
 [ 1  0  0  0  0]
 [ 0  0  1  1  0]
 [ 0  0  0 12  1]
 [ 0  0  0  1 25]]

              precision    recall  f1-score   support

       drugA       0.67      0.25      0.36         8
       drugB       0.00      0.00      0.00         1
       drugC       1.00      0.50      0.67         2
       drugX       0.86      0.92      0.89        13
       drugY       0.86      0.96      0.91        26

    accuracy                           0.80        50
   macro avg       0.68      0.53      0.57        50
weighted avg       0.82      0.80      0.79        50


----------------------------------------------------------------------------------------------Model Naives Bayes with default values, Try6----------------------------------------------------------------------------------------------

[[ 8  0  0  0  0]
 [ 1  0  0  0  0]
 [ 0  0  2  0  0]
 [ 0  0  0 13  0]
 [ 2  1  4  0 19]]

              precision    recall  f1-score   support

       drugA       0.73      1.00      0.84         8
       drugB       0.00      0.00      0.00         1
       drugC       0.33      1.00      0.50         2
       drugX       1.00      1.00      1.00        13
       drugY       1.00      0.73      0.84        26

    accuracy                           0.84        50
   macro avg       0.61      0.75      0.64        50
weighted avg       0.91      0.84      0.85        50


----------------------------------------------------------------------------------------------Model Decision Tree with default values, Try6---------------------------------------------------------------------------------------------- 

[[ 8  0  0  0  0]
 [ 1  0  0  0  0]
 [ 0  0  2  0  0]
 [ 0  0  0 13  0]
 [ 0  0  0  0 26]]

              precision    recall  f1-score   support

       drugA       0.89      1.00      0.94         8
       drugB       0.00      0.00      0.00         1
       drugC       1.00      1.00      1.00         2
       drugX       1.00      1.00      1.00        13
       drugY       1.00      1.00      1.00        26

    accuracy                           0.98        50
   macro avg       0.78      0.80      0.79        50
weighted avg       0.96      0.98      0.97        50


----------------------------------------------------------------------------------------------Model Top Decision Tree with modified criterion, max_depth & min_samples_split, Try6----------------------------------------------------------------------------------------------

[[ 8  0  0  0  0]
 [ 1  0  0  0  0]
 [ 0  0  2  0  0]
 [ 0  0  0 13  0]
 [ 0  0  0  0 26]]

              precision    recall  f1-score   support

       drugA       0.89      1.00      0.94         8
       drugB       0.00      0.00      0.00         1
       drugC       1.00      1.00      1.00         2
       drugX       1.00      1.00      1.00        13
       drugY       1.00      1.00      1.00        26

    accuracy                           0.98        50
   macro avg       0.78      0.80      0.79        50
weighted avg       0.96      0.98      0.97        50


----------------------------------------------------------------------------------------------Model Perceptron with default values, Try6----------------------------------------------------------------------------------------------

[[ 0  3  2  1  2]
 [ 0  1  0  0  0]
 [ 0  0  0  2  0]
 [ 0  3  0 10  0]
 [ 0  0  3  6 17]]

              precision    recall  f1-score   support

       drugA       0.00      0.00      0.00         8
       drugB       0.14      1.00      0.25         1
       drugC       0.00      0.00      0.00         2
       drugX       0.53      0.77      0.62        13
       drugY       0.89      0.65      0.76        26

    accuracy                           0.56        50
   macro avg       0.31      0.48      0.33        50
weighted avg       0.60      0.56      0.56        50


--------------------------------------------------------------------------------------------------------------------Model Base ML-Perceptron with modified hidden_layer_sizes= 100, activation= logistic, solver= sgd, Try6--------------------------------------------------------------------------------------------------------------------[[ 0  0  0  3  5]
 [ 0  0  0  1  0]
 [ 0  0  0  1  1]
 [ 0  0  0 10  3]
 [ 0  0  0  2 24]]

              precision    recall  f1-score   support

       drugA       0.00      0.00      0.00         8
       drugB       0.00      0.00      0.00         1
       drugC       0.00      0.00      0.00         2
       drugX       0.59      0.77      0.67        13
       drugY       0.73      0.92      0.81        26

    accuracy                           0.68        50
   macro avg       0.26      0.34      0.30        50
weighted avg       0.53      0.68      0.60        50


--------------------------------------------------------------------------------------------------------------------Model Top ML-Perceptron with modified hidden_layer_sizes, activation, solver, Try6--------------------------------------------------------------------------------------------------------------------[[ 3  3  0  0  2]
 [ 0  1  0  0  0]
 [ 0  0  1  1  0]
 [ 0  0  0 13  0]
 [ 0  0  0  1 25]]

              precision    recall  f1-score   support

       drugA       1.00      0.38      0.55         8
       drugB       0.25      1.00      0.40         1
       drugC       1.00      0.50      0.67         2
       drugX       0.87      1.00      0.93        13
       drugY       0.93      0.96      0.94        26

    accuracy                           0.86        50
   macro avg       0.81      0.77      0.70        50
weighted avg       0.91      0.86      0.85        50


----------------------------------------------------------------------------------------------Model Naives Bayes with default values, Try7----------------------------------------------------------------------------------------------

[[ 8  0  0  0  0]
 [ 1  0  0  0  0]
 [ 0  0  2  0  0]
 [ 0  0  0 13  0]
 [ 2  1  4  0 19]]

              precision    recall  f1-score   support

       drugA       0.73      1.00      0.84         8
       drugB       0.00      0.00      0.00         1
       drugC       0.33      1.00      0.50         2
       drugX       1.00      1.00      1.00        13
       drugY       1.00      0.73      0.84        26

    accuracy                           0.84        50
   macro avg       0.61      0.75      0.64        50
weighted avg       0.91      0.84      0.85        50


----------------------------------------------------------------------------------------------Model Decision Tree with default values, Try7---------------------------------------------------------------------------------------------- 

[[ 8  0  0  0  0]
 [ 1  0  0  0  0]
 [ 0  0  2  0  0]
 [ 0  0  0 13  0]
 [ 0  0  0  0 26]]

              precision    recall  f1-score   support

       drugA       0.89      1.00      0.94         8
       drugB       0.00      0.00      0.00         1
       drugC       1.00      1.00      1.00         2
       drugX       1.00      1.00      1.00        13
       drugY       1.00      1.00      1.00        26

    accuracy                           0.98        50
   macro avg       0.78      0.80      0.79        50
weighted avg       0.96      0.98      0.97        50


----------------------------------------------------------------------------------------------Model Top Decision Tree with modified criterion, max_depth & min_samples_split, Try7----------------------------------------------------------------------------------------------

[[ 8  0  0  0  0]
 [ 1  0  0  0  0]
 [ 0  0  2  0  0]
 [ 0  0  0 13  0]
 [ 0  0  0  0 26]]

              precision    recall  f1-score   support

       drugA       0.89      1.00      0.94         8
       drugB       0.00      0.00      0.00         1
       drugC       1.00      1.00      1.00         2
       drugX       1.00      1.00      1.00        13
       drugY       1.00      1.00      1.00        26

    accuracy                           0.98        50
   macro avg       0.78      0.80      0.79        50
weighted avg       0.96      0.98      0.97        50


----------------------------------------------------------------------------------------------Model Perceptron with default values, Try7----------------------------------------------------------------------------------------------

[[ 0  3  2  1  2]
 [ 0  1  0  0  0]
 [ 0  0  0  2  0]
 [ 0  3  0 10  0]
 [ 0  0  3  6 17]]

              precision    recall  f1-score   support

       drugA       0.00      0.00      0.00         8
       drugB       0.14      1.00      0.25         1
       drugC       0.00      0.00      0.00         2
       drugX       0.53      0.77      0.62        13
       drugY       0.89      0.65      0.76        26

    accuracy                           0.56        50
   macro avg       0.31      0.48      0.33        50
weighted avg       0.60      0.56      0.56        50


--------------------------------------------------------------------------------------------------------------------Model Base ML-Perceptron with modified hidden_layer_sizes= 100, activation= logistic, solver= sgd, Try7--------------------------------------------------------------------------------------------------------------------[[ 0  0  0  3  5]
 [ 0  0  0  1  0]
 [ 0  0  0  1  1]
 [ 0  0  0 10  3]
 [ 0  0  0  2 24]]

              precision    recall  f1-score   support

       drugA       0.00      0.00      0.00         8
       drugB       0.00      0.00      0.00         1
       drugC       0.00      0.00      0.00         2
       drugX       0.59      0.77      0.67        13
       drugY       0.73      0.92      0.81        26

    accuracy                           0.68        50
   macro avg       0.26      0.34      0.30        50
weighted avg       0.53      0.68      0.60        50


--------------------------------------------------------------------------------------------------------------------Model Top ML-Perceptron with modified hidden_layer_sizes, activation, solver, Try7--------------------------------------------------------------------------------------------------------------------[[ 3  3  0  0  2]
 [ 0  1  0  0  0]
 [ 0  0  1  1  0]
 [ 0  0  0 13  0]
 [ 0  0  0  1 25]]

              precision    recall  f1-score   support

       drugA       1.00      0.38      0.55         8
       drugB       0.25      1.00      0.40         1
       drugC       1.00      0.50      0.67         2
       drugX       0.87      1.00      0.93        13
       drugY       0.93      0.96      0.94        26

    accuracy                           0.86        50
   macro avg       0.81      0.77      0.70        50
weighted avg       0.91      0.86      0.85        50


----------------------------------------------------------------------------------------------Model Naives Bayes with default values, Try8----------------------------------------------------------------------------------------------

[[ 8  0  0  0  0]
 [ 1  0  0  0  0]
 [ 0  0  2  0  0]
 [ 0  0  0 13  0]
 [ 2  1  4  0 19]]

              precision    recall  f1-score   support

       drugA       0.73      1.00      0.84         8
       drugB       0.00      0.00      0.00         1
       drugC       0.33      1.00      0.50         2
       drugX       1.00      1.00      1.00        13
       drugY       1.00      0.73      0.84        26

    accuracy                           0.84        50
   macro avg       0.61      0.75      0.64        50
weighted avg       0.91      0.84      0.85        50


----------------------------------------------------------------------------------------------Model Decision Tree with default values, Try8---------------------------------------------------------------------------------------------- 

[[ 8  0  0  0  0]
 [ 1  0  0  0  0]
 [ 0  0  2  0  0]
 [ 0  0  0 13  0]
 [ 0  0  0  0 26]]

              precision    recall  f1-score   support

       drugA       0.89      1.00      0.94         8
       drugB       0.00      0.00      0.00         1
       drugC       1.00      1.00      1.00         2
       drugX       1.00      1.00      1.00        13
       drugY       1.00      1.00      1.00        26

    accuracy                           0.98        50
   macro avg       0.78      0.80      0.79        50
weighted avg       0.96      0.98      0.97        50


----------------------------------------------------------------------------------------------Model Top Decision Tree with modified criterion, max_depth & min_samples_split, Try8----------------------------------------------------------------------------------------------

[[ 8  0  0  0  0]
 [ 1  0  0  0  0]
 [ 0  0  2  0  0]
 [ 0  0  0 13  0]
 [ 0  0  0  0 26]]

              precision    recall  f1-score   support

       drugA       0.89      1.00      0.94         8
       drugB       0.00      0.00      0.00         1
       drugC       1.00      1.00      1.00         2
       drugX       1.00      1.00      1.00        13
       drugY       1.00      1.00      1.00        26

    accuracy                           0.98        50
   macro avg       0.78      0.80      0.79        50
weighted avg       0.96      0.98      0.97        50


----------------------------------------------------------------------------------------------Model Perceptron with default values, Try8----------------------------------------------------------------------------------------------

[[ 0  3  2  1  2]
 [ 0  1  0  0  0]
 [ 0  0  0  2  0]
 [ 0  3  0 10  0]
 [ 0  0  3  6 17]]

              precision    recall  f1-score   support

       drugA       0.00      0.00      0.00         8
       drugB       0.14      1.00      0.25         1
       drugC       0.00      0.00      0.00         2
       drugX       0.53      0.77      0.62        13
       drugY       0.89      0.65      0.76        26

    accuracy                           0.56        50
   macro avg       0.31      0.48      0.33        50
weighted avg       0.60      0.56      0.56        50


--------------------------------------------------------------------------------------------------------------------Model Base ML-Perceptron with modified hidden_layer_sizes= 100, activation= logistic, solver= sgd, Try8--------------------------------------------------------------------------------------------------------------------[[ 0  0  0  3  5]
 [ 0  0  0  1  0]
 [ 0  0  0  1  1]
 [ 0  0  0 10  3]
 [ 0  0  0  2 24]]

              precision    recall  f1-score   support

       drugA       0.00      0.00      0.00         8
       drugB       0.00      0.00      0.00         1
       drugC       0.00      0.00      0.00         2
       drugX       0.59      0.77      0.67        13
       drugY       0.73      0.92      0.81        26

    accuracy                           0.68        50
   macro avg       0.26      0.34      0.30        50
weighted avg       0.53      0.68      0.60        50


--------------------------------------------------------------------------------------------------------------------Model Top ML-Perceptron with modified hidden_layer_sizes, activation, solver, Try8--------------------------------------------------------------------------------------------------------------------[[ 2  3  0  0  3]
 [ 0  1  0  0  0]
 [ 0  0  1  1  0]
 [ 0  1  0 12  0]
 [ 0  1  0  1 24]]

              precision    recall  f1-score   support

       drugA       1.00      0.25      0.40         8
       drugB       0.17      1.00      0.29         1
       drugC       1.00      0.50      0.67         2
       drugX       0.86      0.92      0.89        13
       drugY       0.89      0.92      0.91        26

    accuracy                           0.80        50
   macro avg       0.78      0.72      0.63        50
weighted avg       0.89      0.80      0.80        50


----------------------------------------------------------------------------------------------Model Naives Bayes with default values, Try9----------------------------------------------------------------------------------------------

[[ 8  0  0  0  0]
 [ 1  0  0  0  0]
 [ 0  0  2  0  0]
 [ 0  0  0 13  0]
 [ 2  1  4  0 19]]

              precision    recall  f1-score   support

       drugA       0.73      1.00      0.84         8
       drugB       0.00      0.00      0.00         1
       drugC       0.33      1.00      0.50         2
       drugX       1.00      1.00      1.00        13
       drugY       1.00      0.73      0.84        26

    accuracy                           0.84        50
   macro avg       0.61      0.75      0.64        50
weighted avg       0.91      0.84      0.85        50


----------------------------------------------------------------------------------------------Model Decision Tree with default values, Try9---------------------------------------------------------------------------------------------- 

[[ 8  0  0  0  0]
 [ 1  0  0  0  0]
 [ 0  0  2  0  0]
 [ 0  0  0 13  0]
 [ 0  0  0  0 26]]

              precision    recall  f1-score   support

       drugA       0.89      1.00      0.94         8
       drugB       0.00      0.00      0.00         1
       drugC       1.00      1.00      1.00         2
       drugX       1.00      1.00      1.00        13
       drugY       1.00      1.00      1.00        26

    accuracy                           0.98        50
   macro avg       0.78      0.80      0.79        50
weighted avg       0.96      0.98      0.97        50


----------------------------------------------------------------------------------------------Model Top Decision Tree with modified criterion, max_depth & min_samples_split, Try9----------------------------------------------------------------------------------------------

[[ 8  0  0  0  0]
 [ 1  0  0  0  0]
 [ 0  0  2  0  0]
 [ 0  0  0 13  0]
 [ 0  0  0  0 26]]

              precision    recall  f1-score   support

       drugA       0.89      1.00      0.94         8
       drugB       0.00      0.00      0.00         1
       drugC       1.00      1.00      1.00         2
       drugX       1.00      1.00      1.00        13
       drugY       1.00      1.00      1.00        26

    accuracy                           0.98        50
   macro avg       0.78      0.80      0.79        50
weighted avg       0.96      0.98      0.97        50


----------------------------------------------------------------------------------------------Model Perceptron with default values, Try9----------------------------------------------------------------------------------------------

[[ 0  3  2  1  2]
 [ 0  1  0  0  0]
 [ 0  0  0  2  0]
 [ 0  3  0 10  0]
 [ 0  0  3  6 17]]

              precision    recall  f1-score   support

       drugA       0.00      0.00      0.00         8
       drugB       0.14      1.00      0.25         1
       drugC       0.00      0.00      0.00         2
       drugX       0.53      0.77      0.62        13
       drugY       0.89      0.65      0.76        26

    accuracy                           0.56        50
   macro avg       0.31      0.48      0.33        50
weighted avg       0.60      0.56      0.56        50


--------------------------------------------------------------------------------------------------------------------Model Base ML-Perceptron with modified hidden_layer_sizes= 100, activation= logistic, solver= sgd, Try9--------------------------------------------------------------------------------------------------------------------[[ 0  0  0  3  5]
 [ 0  0  0  1  0]
 [ 0  0  0  2  0]
 [ 0  0  0 11  2]
 [ 0  0  0  2 24]]

              precision    recall  f1-score   support

       drugA       0.00      0.00      0.00         8
       drugB       0.00      0.00      0.00         1
       drugC       0.00      0.00      0.00         2
       drugX       0.58      0.85      0.69        13
       drugY       0.77      0.92      0.84        26

    accuracy                           0.70        50
   macro avg       0.27      0.35      0.31        50
weighted avg       0.55      0.70      0.62        50


--------------------------------------------------------------------------------------------------------------------Model Top ML-Perceptron with modified hidden_layer_sizes, activation, solver, Try9--------------------------------------------------------------------------------------------------------------------[[ 2  3  0  0  3]
 [ 0  1  0  0  0]
 [ 0  0  0  2  0]
 [ 0  1  0 12  0]
 [ 0  0  0  1 25]]

              precision    recall  f1-score   support

       drugA       1.00      0.25      0.40         8
       drugB       0.20      1.00      0.33         1
       drugC       0.00      0.00      0.00         2
       drugX       0.80      0.92      0.86        13
       drugY       0.89      0.96      0.93        26

    accuracy                           0.80        50
   macro avg       0.58      0.63      0.50        50
weighted avg       0.84      0.80      0.78        50


----------------------------------------------------------------------------------------------Model Naives Bayes with default values, Try10----------------------------------------------------------------------------------------------

[[ 8  0  0  0  0]
 [ 1  0  0  0  0]
 [ 0  0  2  0  0]
 [ 0  0  0 13  0]
 [ 2  1  4  0 19]]

              precision    recall  f1-score   support

       drugA       0.73      1.00      0.84         8
       drugB       0.00      0.00      0.00         1
       drugC       0.33      1.00      0.50         2
       drugX       1.00      1.00      1.00        13
       drugY       1.00      0.73      0.84        26

    accuracy                           0.84        50
   macro avg       0.61      0.75      0.64        50
weighted avg       0.91      0.84      0.85        50


----------------------------------------------------------------------------------------------Model Decision Tree with default values, Try10---------------------------------------------------------------------------------------------- 

[[ 8  0  0  0  0]
 [ 1  0  0  0  0]
 [ 0  0  2  0  0]
 [ 0  0  0 13  0]
 [ 0  0  0  0 26]]

              precision    recall  f1-score   support

       drugA       0.89      1.00      0.94         8
       drugB       0.00      0.00      0.00         1
       drugC       1.00      1.00      1.00         2
       drugX       1.00      1.00      1.00        13
       drugY       1.00      1.00      1.00        26

    accuracy                           0.98        50
   macro avg       0.78      0.80      0.79        50
weighted avg       0.96      0.98      0.97        50


----------------------------------------------------------------------------------------------Model Top Decision Tree with modified criterion, max_depth & min_samples_split, Try10----------------------------------------------------------------------------------------------

[[ 8  0  0  0  0]
 [ 1  0  0  0  0]
 [ 0  0  2  0  0]
 [ 0  0  0 13  0]
 [ 0  0  0  0 26]]

              precision    recall  f1-score   support

       drugA       0.89      1.00      0.94         8
       drugB       0.00      0.00      0.00         1
       drugC       1.00      1.00      1.00         2
       drugX       1.00      1.00      1.00        13
       drugY       1.00      1.00      1.00        26

    accuracy                           0.98        50
   macro avg       0.78      0.80      0.79        50
weighted avg       0.96      0.98      0.97        50


----------------------------------------------------------------------------------------------Model Perceptron with default values, Try10----------------------------------------------------------------------------------------------

[[ 0  3  2  1  2]
 [ 0  1  0  0  0]
 [ 0  0  0  2  0]
 [ 0  3  0 10  0]
 [ 0  0  3  6 17]]

              precision    recall  f1-score   support

       drugA       0.00      0.00      0.00         8
       drugB       0.14      1.00      0.25         1
       drugC       0.00      0.00      0.00         2
       drugX       0.53      0.77      0.62        13
       drugY       0.89      0.65      0.76        26

    accuracy                           0.56        50
   macro avg       0.31      0.48      0.33        50
weighted avg       0.60      0.56      0.56        50


--------------------------------------------------------------------------------------------------------------------Model Base ML-Perceptron with modified hidden_layer_sizes= 100, activation= logistic, solver= sgd, Try10--------------------------------------------------------------------------------------------------------------------[[ 0  0  0  3  5]
 [ 0  0  0  1  0]
 [ 0  0  0  1  1]
 [ 0  0  0  9  4]
 [ 0  0  0  2 24]]

              precision    recall  f1-score   support

       drugA       0.00      0.00      0.00         8
       drugB       0.00      0.00      0.00         1
       drugC       0.00      0.00      0.00         2
       drugX       0.56      0.69      0.62        13
       drugY       0.71      0.92      0.80        26

    accuracy                           0.66        50
   macro avg       0.25      0.32      0.28        50
weighted avg       0.51      0.66      0.58        50


--------------------------------------------------------------------------------------------------------------------Model Top ML-Perceptron with modified hidden_layer_sizes, activation, solver, Try10--------------------------------------------------------------------------------------------------------------------[[ 2  3  0  0  3]
 [ 0  1  0  0  0]
 [ 0  0  1  1  0]
 [ 0  0  0 13  0]
 [ 0  0  0  1 25]]

              precision    recall  f1-score   support

       drugA       1.00      0.25      0.40         8
       drugB       0.25      1.00      0.40         1
       drugC       1.00      0.50      0.67         2
       drugX       0.87      1.00      0.93        13
       drugY       0.89      0.96      0.93        26

    accuracy                           0.84        50
   macro avg       0.80      0.74      0.66        50
weighted avg       0.89      0.84      0.82        50


Average accuracy of Naives Bayes: 8.4
Average macro F1 avg of Naives Bayes: 0.6373099415204678
Average weighted F1 avg of Naives Bayes: 0.8538479532163743
Standard deviation of accuracy of Naives Bayes: 0.0
Standard deviation of macro F1 avg of Naives Bayes: 0.0
Standard deviation of weighted F1 avg of Naives Bayes: 0.0
---------------------------------------------------------------------------------------------Average accuracy of Decision Tree: 0.9800000000000002
Average macro F1 avg of Decision Tree: 0.788235294117647
Average weighted F1 avg of Decision Tree: 0.9705882352941175
Standard deviation of accuracy of Decision Tree: 0.0
Standard deviation of macro F1 avg of Decision Tree: 0.0
Standard deviation of weighted F1 avg of Decision Tree: 0.0
---------------------------------------------------------------------------------------------Average accuracy of Top Decision Tree: 0.9800000000000002
Average macro F1 avg of Top Decision Tree: 0.788235294117647
Average weighted F1 avg of Top Decision Tree: 0.9705882352941175
Standard deviation of accuracy of Top Decision Tree: 0.0
Standard deviation of macro F1 avg of Top Decision Tree: 0.0
Standard deviation of weighted F1 avg of Top Decision Tree: 0.0
---------------------------------------------------------------------------------------------Average accuracy of Perceptron: 0.5600000000000002
Average macro F1 avg of Perceptron: 0.3261111111111111
Average weighted F1 avg of Perceptron: 0.560388888888889
Standard deviation of accuracy of Perceptron: 0.0
Standard deviation of macro F1 avg of Perceptron: 0.0
Standard deviation of weighted F1 avg of Perceptron: 0.0
---------------------------------------------------------------------------------------------
Average accuracy of Base Multi-Layered Perceptron: 0.6839999999999999
Average macro F1 avg of Base Multi-Layered Perceptron: 0.29779873845954197
Average weighted F1 avg of Base Multi-Layered Perceptron: 0.6005736967944277
Standard deviation of accuracy of Base Multi-Layered Perceptron: 0.015776212754932274
Standard deviation of macro F1 avg of Base Multi-Layered Perceptron: 0.008419184647616125
Standard deviation of weighted F1 avg of Base Multi-Layered Perceptron: 0.015505800473077732
---------------------------------------------------------------------------------------------
Average accuracy of Top Multi-Layered Perceptron: 0.818
Average macro F1 avg of Top Multi-Layered Perceptron: 0.5730268443332854
Average weighted F1 avg of Top Multi-Layered Perceptron: 0.8031441546236602
Standard deviation of accuracy of Top Multi-Layered Perceptron: 0.02740640638812593
Standard deviation of macro F1 avg of Top Multi-Layered Perceptron: 0.09681990851895828
Standard deviation of weighted F1 avg of Top Multi-Layered Perceptron: 0.031725545141853655
--------------------------------------------------------------------------------------------- 
