(a)
*********************************************
**** Gaussian NB, try 1 ****
*********************************************
[[ 7  0  0  0  0]
 [ 1  3  0  0  0]
 [ 0  0  4  0  0]
 [ 0  0  0 11  1]
 [ 1  1  2  1 18]]

              precision    recall  f1-score   support

       drugA       0.78      1.00      0.88         7
       drugB       0.75      0.75      0.75         4
       drugC       0.67      1.00      0.80         4
       drugX       0.92      0.92      0.92        12
       drugY       0.95      0.78      0.86        23

    accuracy                           0.86        50
   macro avg       0.81      0.89      0.84        50
weighted avg       0.88      0.86      0.86        50


----------------------------------------------------------------------------------------------Model Decision Tree with default values, Try10---------------------------------------------------------------------------------------------- 

[[ 7  0  0  0  0]
 [ 1  3  0  0  0]
 [ 0  0  4  0  0]
 [ 0  0  0 11  1]
 [ 0  0  0  0 23]]

              precision    recall  f1-score   support

       drugA       0.88      1.00      0.93         7
       drugB       1.00      0.75      0.86         4
       drugC       1.00      1.00      1.00         4
       drugX       1.00      0.92      0.96        12
       drugY       0.96      1.00      0.98        23

    accuracy                           0.96        50
   macro avg       0.97      0.93      0.95        50
weighted avg       0.96      0.96      0.96        50


----------------------------------------------------------------------------------------------Model Top Decision Tree with modified criterion, max_depth & min_samples_split, Try10----------------------------------------------------------------------------------------------

[[ 7  0  0  0  0]
 [ 1  3  0  0  0]
 [ 0  0  4  0  0]
 [ 0  0  0 11  1]
 [ 0  0  0  0 23]]

              precision    recall  f1-score   support

       drugA       0.88      1.00      0.93         7
       drugB       1.00      0.75      0.86         4
       drugC       1.00      1.00      1.00         4
       drugX       1.00      0.92      0.96        12
       drugY       0.96      1.00      0.98        23

    accuracy                           0.96        50
   macro avg       0.97      0.93      0.95        50
weighted avg       0.96      0.96      0.96        50


----------------------------------------------------------------------------------------------Model Perceptron with default values, Try10----------------------------------------------------------------------------------------------

[[ 0  0  0  6  1]
 [ 0  0  0  4  0]
 [ 0  0  0  3  1]
 [ 0  0  0 12  0]
 [ 0  0  0  9 14]]

              precision    recall  f1-score   support

       drugA       0.00      0.00      0.00         7
       drugB       0.00      0.00      0.00         4
       drugC       0.00      0.00      0.00         4
       drugX       0.35      1.00      0.52        12
       drugY       0.88      0.61      0.72        23

    accuracy                           0.52        50
   macro avg       0.25      0.32      0.25        50
weighted avg       0.49      0.52      0.46        50


--------------------------------------------------------------------------------------------------------------------Model Base ML-Perceptron with modified hidden_layer_sizes= 100, activation= logistic, solver= sgd, Try10--------------------------------------------------------------------------------------------------------------------[[ 0  0  0  4  3]
 [ 0  0  0  4  0]
 [ 0  0  0  3  1]
 [ 0  0  0  7  5]
 [ 0  0  0  0 23]]

              precision    recall  f1-score   support

       drugA       0.00      0.00      0.00         7
       drugB       0.00      0.00      0.00         4
       drugC       0.00      0.00      0.00         4
       drugX       0.39      0.58      0.47        12
       drugY       0.72      1.00      0.84        23

    accuracy                           0.60        50
   macro avg       0.22      0.32      0.26        50
weighted avg       0.42      0.60      0.50        50


--------------------------------------------------------------------------------------------------------------------Model Top ML-Perceptron with modified hidden_layer_sizes, activation, solver, Try10--------------------------------------------------------------------------------------------------------------------[[ 5  1  0  1  0]
 [ 1  2  0  0  1]
 [ 0  2  1  0  1]
 [ 0  1  0 10  1]
 [ 0  0  0  2 21]]

              precision    recall  f1-score   support

       drugA       0.83      0.71      0.77         7
       drugB       0.33      0.50      0.40         4
       drugC       1.00      0.25      0.40         4
       drugX       0.77      0.83      0.80        12
       drugY       0.88      0.91      0.89        23

    accuracy                           0.78        50
   macro avg       0.76      0.64      0.65        50
weighted avg       0.81      0.78      0.77        50


